Results when using best hyperparamaters from time-scoring analysis:
accuracy: 0.8703915950334288
std: 0.007809738718914858

precision: 0.8790917259796958
std: 0.01390338888579194

recall: 0.8661690187160002
std: 0.011587667762636521

f1: 0.8724701348887072
std: 0.008189749330484221




